52 93 105 50
52 146 105 50
53 195 105 50
52 244 105 50
54 288 105 50
56 337 105 50
57 386 105 50
59 432 105 50
61 481 105 50
61 529 105 50
60 574 105 50
59 624 105 50
160 624 105 50
162 578 105 50
166 523 105 50
164 476 105 50
162 431 105 50
161 385 105 50
160 335 105 50
158 289 105 50
156 240 105 50
156 193 105 50
155 145 105 50
157 93 105 50
394 92 105 50
396 139 105 50
394 187 105 50
396 235 105 50
397 285 105 50
398 335 105 50
396 383 105 50
396 432 105 50
401 522 105 50
401 568 105 50
402 616 105 50
507 618 105 50
506 568 105 50
504 523 105 50
503 427 105 50
502 381 105 50
500 331 105 50
501 282 105 50
499 236 105 50
501 189 105 50
500 140 105 50
502 92 105 50
739 81 105 50
741 131 105 50
740 186 105 50
739 233 105 50
740 283 105 50
745 331 105 50
744 379 105 50
746 426 105 50
747 472 105 50
750 520 105 50
747 567 105 50
750 616 105 50
901 143 105 50
901 192 105 50
902 239 105 50
904 287 105 50
907 332 105 50
904 376 105 50
905 423 105 50
906 473 105 50
907 521 105 50
907 567 105 50
907 615 105 50
